chr2	97547732	97547732	chr2	97548219	97548219	0.2500001783192872
chr2	97547732	97547732	chr2	97549418	97549418	0.7499998216807128
chr2	97549615	97549615	chr2	97550103	97550103	0.2733372525275286
chr2	97549615	97549615	chr2	97551288	97551288	0.7266627474724715
chr2	97558995	97558995	chr2	97560664	97560664	0.9375000190819548
chr2	97558995	97558995	chr2	97560831	97560831	0.062499980918045
chr2	97560861	97560861	chr2	97576378	97576378	0.0238096084706437
chr2	97560861	97560861	chr2	97578905	97578905	0.2857142223197633
chr2	97560861	97560861	chr2	97580461	97580461	0.1666666984017281
chr2	97560861	97560861	chr2	97584943	97584943	0.5238094708078648
