chr7	117861317	117861317	chr7	117862097	117862097	0.053354480403757
chr7	117861317	117861317	chr7	117867123	117867123	0.0172910734947746
chr7	117861317	117861317	chr7	117871909	117871909	0.0105667696520604
chr7	117861317	117861317	chr7	117872103	117872103	0.0511650284162051
chr7	117861317	117861317	chr7	117872225	117872225	0.0164291101866855
chr7	117861317	117861317	chr7	117873334	117873334	0.7047696448045394
chr7	117861317	117861317	chr7	117873692	117873692	0.0393852321930559
chr7	117861317	117861317	chr7	117874000	117874000	0.1070386608489218
chr7	117863027	117863027	chr7	117873334	117873334	0.4482753226567808
chr7	117863027	117863027	chr7	117874000	117874000	0.5517246773432192
