chr11	16341253	16341253	chr11	16356093	16356093	0.0295597220185856
chr11	16341253	16341253	chr11	16356423	16356423	0.0147797189937934
chr11	16341253	16341253	chr11	16438379	16438379	0.01970634789567
chr11	16341253	16341253	chr11	16465700	16465700	0.0443394061798599
chr11	16341253	16341253	chr11	16476314	16476314	0.8226424652510701
chr11	16341253	16341253	chr11	16607344	16607344	0.0344860417075534
chr11	16341253	16341253	chr11	16612080	16612080	0.0344862979534673
chr11	16476389	16476389	chr11	16567326	16567326	0.0129896565971279
chr11	16476389	16476389	chr11	16589329	16589329	0.0432986942917829
chr11	16476389	16476389	chr11	16605900	16605900	0.0173195424215487
chr11	16476389	16476389	chr11	16606540	16606540	0.0389687829522974
chr11	16476389	16476389	chr11	16607344	16607344	0.1818544415827565
chr11	16476389	16476389	chr11	16611039	16611039	0.0173194675807554
chr11	16476389	16476389	chr11	16612080	16612080	0.6882494145737308
