chr11	16341253	16341253	chr11	16356093	16356093	0.0333338458498906
chr11	16341253	16341253	chr11	16356423	16356423	0.0333324538939641
chr11	16341253	16341253	chr11	16438379	16438379	0.0333334852856018
chr11	16341253	16341253	chr11	16465700	16465700	0.0666667174338023
chr11	16341253	16341253	chr11	16476314	16476314	0.7999999245483623
chr11	16341253	16341253	chr11	16607344	16607344	0.0333335729023421
chr11	16341253	16341253	chr11	16612080	16612080	8.603653180633994e-11
chr11	16476389	16476389	chr11	16567326	16567326	1.2971338700973592e-11
chr11	16476389	16476389	chr11	16589329	16589329	0.0937500228461109
chr11	16476389	16476389	chr11	16605900	16605900	0.0625000833713881
chr11	16476389	16476389	chr11	16606540	16606540	1.4068674216156763e-11
chr11	16476389	16476389	chr11	16607344	16607344	0.2812499271098836
chr11	16476389	16476389	chr11	16611039	16611039	0.031250106833699
chr11	16476389	16476389	chr11	16612080	16612080	0.5312498598118782
