chr11	16341253	16341253	chr11	16356093	16356093	0.0921087727056262
chr11	16341253	16341253	chr11	16356423	16356423	0.0263167184015496
chr11	16341253	16341253	chr11	16438379	16438379	0.0131584025015739
chr11	16341253	16341253	chr11	16465700	16465700	0.0657919873493179
chr11	16341253	16341253	chr11	16476314	16476314	0.723673985556065
chr11	16341253	16341253	chr11	16607344	16607344	0.0263167172706253
chr11	16341253	16341253	chr11	16612080	16612080	0.0526334162152419
chr11	16476389	16476389	chr11	16567326	16567326	0.0119066044952053
chr11	16476389	16476389	chr11	16589329	16589329	0.0238132003243326
chr11	16476389	16476389	chr11	16605900	16605900	0.107159352754485
chr11	16476389	16476389	chr11	16606540	16606540	1.4439240246623366e-11
chr11	16476389	16476389	chr11	16607344	16607344	0.2738517450454132
chr11	16476389	16476389	chr11	16611039	16611039	0.0357197688604405
chr11	16476389	16476389	chr11	16612080	16612080	0.5475493285056839
