chr11	16341253	16341253	chr11	16356093	16356093	0.1700051651210176
chr11	16341253	16341253	chr11	16356423	16356423	0.0550020340287581
chr11	16341253	16341253	chr11	16438379	16438379	0.0100002587694169
chr11	16341253	16341253	chr11	16465700	16465700	0.0550014975713842
chr11	16341253	16341253	chr11	16476314	16476314	0.6499890418080175
chr11	16341253	16341253	chr11	16607344	16607344	0.0250007698098258
chr11	16341253	16341253	chr11	16612080	16612080	0.0350012328915794
chr11	16476389	16476389	chr11	16567326	16567326	0.0213960976283826
chr11	16476389	16476389	chr11	16589329	16589329	0.0427921401455767
chr11	16476389	16476389	chr11	16605900	16605900	0.1657157077449372
chr11	16476389	16476389	chr11	16606540	16606540	0.0267451121634694
chr11	16476389	16476389	chr11	16607344	16607344	0.1924751336776364
chr11	16476389	16476389	chr11	16611039	16611039	0.0695369449068833
chr11	16476389	16476389	chr11	16612080	16612080	0.4813388637331141
