chr11	16341253	16341253	chr11	16356093	16356093	0.0757707110450652
chr11	16341253	16341253	chr11	16356423	16356423	0.0303082453707087
chr11	16341253	16341253	chr11	16438379	16438379	1.4013598114713832e-11
chr11	16341253	16341253	chr11	16465700	16465700	0.0757706542891666
chr11	16341253	16341253	chr11	16476314	16476314	0.7272255116096354
chr11	16341253	16341253	chr11	16607344	16607344	0.0303083190496325
chr11	16341253	16341253	chr11	16612080	16612080	0.0606165586217777
chr11	16476389	16476389	chr11	16567326	16567326	0.0149326224075653
chr11	16476389	16476389	chr11	16589329	16589329	0.0298657973270809
chr11	16476389	16476389	chr11	16605900	16605900	0.0298652521147163
chr11	16476389	16476389	chr11	16606540	16606540	1.1319938949660037e-11
chr11	16476389	16476389	chr11	16607344	16607344	0.1791928944296463
chr11	16476389	16476389	chr11	16611039	16611039	0.0447983768969485
chr11	16476389	16476389	chr11	16612080	16612080	0.7013450568127224
