chr11	16341253	16341253	chr11	16356093	16356093	0.0862068760562737
chr11	16341253	16341253	chr11	16356423	16356423	0.0517239196044562
chr11	16341253	16341253	chr11	16438379	16438379	0.0172413662274997
chr11	16341253	16341253	chr11	16465700	16465700	0.0517243575339456
chr11	16341253	16341253	chr11	16476314	16476314	0.6810345070587613
chr11	16341253	16341253	chr11	16607344	16607344	0.0344827794454532
chr11	16341253	16341253	chr11	16612080	16612080	0.0775861940736101
chr11	16476389	16476389	chr11	16567326	16567326	0.0403225843669591
chr11	16476389	16476389	chr11	16589329	16589329	0.0241935480482852
chr11	16476389	16476389	chr11	16605900	16605900	0.07258063771183
chr11	16476389	16476389	chr11	16606540	16606540	6.164409447762438e-12
chr11	16476389	16476389	chr11	16607344	16607344	0.3225806495848132
chr11	16476389	16476389	chr11	16611039	16611039	0.032258072548848
chr11	16476389	16476389	chr11	16612080	16612080	0.5080645077330997
