chr11	16341253	16341253	chr11	16356093	16356093	0.1486617615803311
chr11	16341253	16341253	chr11	16356423	16356423	0.0405441450332304
chr11	16341253	16341253	chr11	16438379	16438379	1.1828412563189182e-11
chr11	16341253	16341253	chr11	16465700	16465700	0.081088246765908
chr11	16341253	16341253	chr11	16476314	16476314	0.6351028323934753
chr11	16341253	16341253	chr11	16607344	16607344	0.0405441350212788
chr11	16341253	16341253	chr11	16612080	16612080	0.0540588791939478
chr11	16476389	16476389	chr11	16567326	16567326	0.0113636271489707
chr11	16476389	16476389	chr11	16589329	16589329	0.1022727497332945
chr11	16476389	16476389	chr11	16605900	16605900	0.0681818650469217
chr11	16476389	16476389	chr11	16606540	16606540	0.0454545261922817
chr11	16476389	16476389	chr11	16607344	16607344	0.2045454701025423
chr11	16476389	16476389	chr11	16611039	16611039	0.0227272950322388
chr11	16476389	16476389	chr11	16612080	16612080	0.5454544667437499
