chr15	63044153	63044153	chr15	63056984	63056984	0.034835439871222
chr15	63048708	63048708	chr15	63056984	63056984	0.965164560128778
chr15	63061789	63061789	chr15	63062214	63062214	0.8181812993531612
chr15	63061274	63061274	chr15	63062214	63062214	0.1818187006468388
chr15	63060940	63060940	chr15	63061197	63061197	0.181818308973556
chr15	63060940	63060940	chr15	63061712	63061712	0.818181691026444
chr15	63062646	63062646	chr15	63064063	63064063	0.4374998448661775
chr15	63062646	63062646	chr15	63071089	63071089	0.0624999346891728
chr15	63062646	63062646	chr15	63065895	63065895	0.0625001476435262
chr15	63062646	63062646	chr15	63069869	63069869	0.4375000728011233
