chr6	56460255	56460255	chr6	56463045	56463045	0.5217394592682909
chr6	56460255	56460255	chr6	56463564	56463564	0.478260540731709
chr6	56528926	56528926	chr6	56529447	56529447	0.0999998536848948
chr6	56528926	56528926	chr6	56529973	56529973	0.9000001463151052
chr6	56600222	56600222	chr6	56601442	56601442	0.0588235188730603
chr6	56600222	56600222	chr6	56610426	56610426	0.9411764811269396
chr6	56735290	56735290	chr6	56843054	56843054	0.6365170996139485
chr6	56735290	56735290	chr6	56851396	56851396	0.3634829003860515
chr6	56851605	56851605	chr6	56851787	56851787	0.9210526492238644
chr6	56851605	56851605	chr6	56900420	56900420	0.0789473507761354
