chr12	98832137	98832137	chr12	98894629	98894629	0.0761183500961782
chr12	98832137	98832137	chr12	98895132	98895132	0.0275162464680755
chr12	98832137	98832137	chr12	98956353	98956353	0.0114651425836778
chr12	98832137	98832137	chr12	99053156	99053156	0.8849002608520684
chr12	99154396	99154396	chr12	99154632	99154632	0.0579710482754993
chr12	99154396	99154396	chr12	99154653	99154653	0.1352658092488424
chr12	99154396	99154396	chr12	99154807	99154807	0.2512076120750077
chr12	99154396	99154396	chr12	99154865	99154865	0.1497583674085738
chr12	99154396	99154396	chr12	99154969	99154969	0.1787440544502549
chr12	99154396	99154396	chr12	99155893	99155893	0.053140134909803
chr12	99154396	99154396	chr12	99244341	99244341	0.1739129736320187
