chr12	98832137	98832137	chr12	98894629	98894629	0.2288476060353753
chr12	98832137	98832137	chr12	98895132	98895132	0.0190706684532421
chr12	98832137	98832137	chr12	98956353	98956353	0.0190705946743887
chr12	98832137	98832137	chr12	99053156	99053156	0.7330111308369938
chr12	99154396	99154396	chr12	99154632	99154632	0.0957691410304873
chr12	99154396	99154396	chr12	99154653	99154653	0.0957691007856916
chr12	99154396	99154396	chr12	99154807	99154807	0.1436534800183112
chr12	99154396	99154396	chr12	99154865	99154865	0.0478847452949129
chr12	99154396	99154396	chr12	99154969	99154969	0.2338469565383441
chr12	99154396	99154396	chr12	99155893	99155893	7.184917517068784e-11
chr12	99154396	99154396	chr12	99244341	99244341	0.3830765762604035
