chr12	122319349	122319349	chr12	122322113	122322113	0.0243898500506045
chr12	122319349	122319349	chr12	122327946	122327946	0.9756101499493954
chr12	122334706	122334706	chr12	122335927	122335927	0.0294194265490418
chr12	122334706	122334706	chr12	122336631	122336631	0.794063703739669
chr12	122334706	122334706	chr12	122340980	122340980	0.1470973648005121
chr12	122334706	122334706	chr12	122340752	122340752	0.0294195049107771
chr12	122341698	122341698	chr12	122347374	122347374	0.8292684394492194
chr12	122341698	122341698	chr12	122352725	122352725	0.1707315605507807
chr12	122380559	122380559	chr12	122417326	122417326	0.041098825252162
chr12	122380559	122380559	chr12	122422917	122422917	0.0821972486800632
chr12	122380559	122380559	chr12	122423637	122423637	0.0273991769083403
chr12	122380559	122380559	chr12	122422520	122422520	0.8493047491594344
chr12	122351144	122351144	chr12	122352725	122352725	0.1904762033385066
chr12	122347480	122347480	chr12	122352725	122352725	0.8095237966614933
