chr12	110496204	110496204	chr12	110498819	110498819	0.0689656510442646
chr12	110496204	110496204	chr12	110499456	110499456	0.0689651763782306
chr12	110496204	110496204	chr12	110500026	110500026	0.0344827154792804
chr12	110496204	110496204	chr12	110501416	110501416	0.0689660075635197
chr12	110496204	110496204	chr12	110499534	110499534	0.7586204495347045
chr12	110499547	110499547	chr12	110502048	110502048	0.2318457951968862
chr12	110500131	110500131	chr12	110502048	110502048	2.361648925108252e-19
chr12	110493232	110493232	chr12	110502048	110502048	0.0092738266064608
chr12	110496095	110496095	chr12	110502048	110502048	0.0092738394991757
chr12	110496188	110496188	chr12	110502048	110502048	6.857057650569409e-20
chr12	110496204	110496204	chr12	110502048	110502048	0.749606538691525
chr12	110497003	110497003	chr12	110502048	110502048	4.094288591908661e-20
chr12	110498860	110498860	chr12	110502048	110502048	5.9521964809268145e-12
