chr12	110496204	110496204	chr12	110498819	110498819	0.0681818278609276
chr12	110496204	110496204	chr12	110499456	110499456	0.1193180389276993
chr12	110496204	110496204	chr12	110500026	110500026	0.017045335733846
chr12	110496204	110496204	chr12	110501416	110501416	0.005681711642349
chr12	110496204	110496204	chr12	110499534	110499534	0.7897730858351779
chr12	110499547	110499547	chr12	110502048	110502048	0.1752274131503378
chr12	110500131	110500131	chr12	110502048	110502048	0.0010039689306104
chr12	110493232	110493232	chr12	110502048	110502048	0.0050197784568256
chr12	110496095	110496095	chr12	110502048	110502048	0.0020079435594043
chr12	110496188	110496188	chr12	110502048	110502048	0.0030119173518631
chr12	110496204	110496204	chr12	110502048	110502048	0.8046931472542265
chr12	110497003	110497003	chr12	110502048	110502048	0.0050199468453067
chr12	110498860	110498860	chr12	110502048	110502048	0.0040158844514253
