chr22	35746562	35746562	chr22	35750183	35750183	0.0081758351423969
chr22	35746562	35746562	chr22	35750425	35750425	0.0976390124238177
chr22	35746562	35746562	chr22	35752369	35752369	4.285287046846433e-12
chr22	35746562	35746562	chr22	35752612	35752612	0.0204395666542359
chr22	35746562	35746562	chr22	35756104	35756104	0.7592838857228409
chr22	35746562	35746562	chr22	35759887	35759887	0.1144617000524231
chr22	35810005	35810005	chr22	35836319	35836319	0.035503611572409
chr22	35810005	35810005	chr22	35839863	35839863	2.432312797056301e-12
chr22	35810005	35810005	chr22	35840347	35840347	0.0216966639714773
chr22	35810005	35810005	chr22	35894812	35894812	0.0059172660872846
chr22	35810005	35810005	chr22	35840191	35840191	0.4449610171407132
chr22	35810005	35810005	chr22	35938846	35938846	0.4919214412256835
chr22	35938898	35938898	chr22	35945058	35945058	0.0034233508605411
chr22	35938898	35938898	chr22	35961462	35961462	0.0034233411780256
chr22	35938898	35938898	chr22	35961567	35961567	0.0034233599607065
chr22	35938898	35938898	chr22	36028239	36028239	0.3201673852431002
chr22	35938898	35938898	chr22	35961562	35961562	0.6695625627576263
chr22	35750261	35750261	chr22	35756104	35756104	0.2000322755733061
chr22	35750454	35750454	chr22	35756104	35756104	0.0250038955419954
chr22	35750458	35750458	chr22	35756104	35756104	0.5749308398970455
chr22	35752656	35752656	chr22	35756104	35756104	0.2000329889876529
chr22	35752656	35752656	chr22	35759887	35759887	0.005192220412302
chr22	35756145	35756145	chr22	35759887	35759887	0.9948077795876978
