chr5	88761126	88761126	chr5	88804597	88804597	0.0145603218069576
chr5	88761329	88761329	chr5	88804597	88804597	0.9126380118573948
chr5	88790856	88790856	chr5	88804597	88804597	0.0291206557629961
chr5	88791320	88791320	chr5	88804597	88804597	0.0436810105613308
chr5	88752044	88752044	chr5	88804597	88804597	1.132066780260638e-11
chr5	88804802	88804802	chr5	88823734	88823734	0.9898356666587578
chr5	88814590	88814590	chr5	88823734	88823734	0.0101643333412422
chr5	88878021	88878021	chr5	88882954	88882954	0.0054074170344126
chr5	88881023	88881023	chr5	88882954	88882954	0.0144196731184701
chr5	88823928	88823928	chr5	88882954	88882954	0.5188623047870504
chr5	88823931	88823931	chr5	88882954	88882954	0.4559031228405624
chr5	88839624	88839624	chr5	88882954	88882954	0.0054074822195043
