chr8	79655019	79655019	chr8	79664814	79664814	0.0012380462829846
chr8	79655292	79655292	chr8	79664814	79664814	0.0050876298807473
chr8	79663662	79663662	chr8	79664814	79664814	0.0016507284106669
chr8	79655063	79655063	chr8	79664814	79664814	0.992023595425601
chr8	79611215	79611215	chr8	79636801	79636801	0.9909385231651594
chr8	79611792	79611792	chr8	79636801	79636801	0.0090614768348406
chr8	79611215	79611215	chr8	79613822	79613822	0.0588235008152205
chr8	79611215	79611215	chr8	79615701	79615701	2.9424099270525504e-11
chr8	79611215	79611215	chr8	79631016	79631016	1.677940197073277e-11
chr8	79611215	79611215	chr8	79616821	79616821	0.5294119411141828
chr8	79611215	79611215	chr8	79641377	79641377	0.1176470850131873
chr8	79611215	79611215	chr8	79654870	79654870	0.294117473011206
