chr9	8733947	8733947	chr9	8799535	8799535	0.0183060491049451
chr9	8733947	8733947	chr9	8811822	8811822	0.0036612152776554
chr9	8733947	8733947	chr9	8857637	8857637	0.5476738705137039
chr9	8733947	8733947	chr9	9018696	9018696	0.4303588651036957
chr9	8527354	8527354	chr9	8528590	8528590	0.2948708415707347
chr9	8528493	8528493	chr9	8528590	8528590	0.0897437882675079
chr9	8525036	8525036	chr9	8528590	8528590	0.1025644117208464
chr9	8526645	8526645	chr9	8528590	8528590	0.5128209584409109
chr9	9734572	9734572	chr9	9766809	9766809	0.889974737505418
chr9	9574782	9574782	chr9	9766809	9766809	0.1100252624945819
