chr9	8733947	8733947	chr9	8799535	8799535	6.7993053685813254e-12
chr9	8733947	8733947	chr9	8811822	8811822	1.1075569044086906e-11
chr9	8733947	8733947	chr9	8857637	8857637	0.8998310656811223
chr9	8733947	8733947	chr9	9018696	9018696	0.1001689343010029
chr9	8527354	8527354	chr9	8528590	8528590	0.3076923373123558
chr9	8528493	8528493	chr9	8528590	8528590	6.158708136258093e-11
chr9	8525036	8525036	chr9	8528590	8528590	0.3076922626478988
chr9	8526645	8526645	chr9	8528590	8528590	0.3846153999781582
chr9	9734572	9734572	chr9	9766809	9766809	0.7958209347736375
chr9	9574782	9574782	chr9	9766809	9766809	0.2041790652263626
