chr9	8733947	8733947	chr9	8799535	8799535	8.029354308253152e-12
chr9	8733947	8733947	chr9	8811822	8811822	0.0087719484301582
chr9	8733947	8733947	chr9	8857637	8857637	0.8771931321783861
chr9	8733947	8733947	chr9	9018696	9018696	0.1140349193834263
chr9	8527354	8527354	chr9	8528590	8528590	0.1764706414693838
chr9	8528493	8528493	chr9	8528590	8528590	0.1176467385388964
chr9	8525036	8525036	chr9	8528590	8528590	0.294116113604654
chr9	8526645	8526645	chr9	8528590	8528590	0.4117665063870657
chr9	9734572	9734572	chr9	9766809	9766809	0.9090915934733887
chr9	9574782	9574782	chr9	9766809	9766809	0.0909084065266112
