chr9	8733947	8733947	chr9	8799535	8799535	0.0086251175806723
chr9	8733947	8733947	chr9	8811822	8811822	0.0086251069878759
chr9	8733947	8733947	chr9	8857637	8857637	0.879247610895396
chr9	8733947	8733947	chr9	9018696	9018696	0.1035021645360555
chr9	8527354	8527354	chr9	8528590	8528590	0.2000008319522714
chr9	8528493	8528493	chr9	8528590	8528590	0.1999982748407459
chr9	8525036	8525036	chr9	8528590	8528590	0.5000003406430782
chr9	8526645	8526645	chr9	8528590	8528590	0.1000005525639044
chr9	9734572	9734572	chr9	9766809	9766809	0.904753288251966
chr9	9574782	9574782	chr9	9766809	9766809	0.095246711748034
