chr3	180989841	180989841	chr3	181088876	181088876	0.0133396256685689
chr3	181030690	181030690	chr3	181088876	181088876	5.216329707279235e-12
chr3	181056787	181056787	chr3	181088876	181088876	0.9866603743262148
chr3	181088918	181088918	chr3	181175513	181175513	0.4606867727117604
chr3	181175268	181175268	chr3	181175513	181175513	0.3895464382916715
chr3	181175379	181175379	chr3	181175513	181175513	0.1497667889965679
chr3	181563929	181563929	chr3	181610860	181610860	0.4400010472475897
chr3	181610746	181610746	chr3	181610860	181610860	0.5599989527524104
chr3	181610930	181610930	chr3	181739568	181739568	0.0396395045028077
chr3	181699884	181699884	chr3	181739568	181739568	0.5501011624879943
chr3	181715293	181715293	chr3	181739568	181739568	0.4102593330091978
