chr3	180989841	180989841	chr3	181088876	181088876	0.0172959011637438
chr3	181030690	181030690	chr3	181088876	181088876	0.0098833696724599
chr3	181056787	181056787	chr3	181088876	181088876	0.972820729163796
chr3	181088918	181088918	chr3	181175513	181175513	0.6792883557451921
chr3	181175268	181175268	chr3	181175513	181175513	0.231705605747115
chr3	181175379	181175379	chr3	181175513	181175513	0.0890060385076927
chr3	181563929	181563929	chr3	181610860	181610860	0.590909466418856
chr3	181610746	181610746	chr3	181610860	181610860	0.4090905335811439
chr3	181610930	181610930	chr3	181739568	181739568	0.0353657365015436
chr3	181699884	181699884	chr3	181739568	181739568	0.5252879334576901
chr3	181715293	181715293	chr3	181739568	181739568	0.4393463300407662
