chr1	243344332	243344332	chr1	243378720	243378720	0.9629635659869696
chr1	243364302	243364302	chr1	243378720	243378720	0.0370364340130305
chr1	243394496	243394496	chr1	243415701	243415701	0.1739130327360027
chr1	243378864	243378864	chr1	243415701	243415701	0.8260869672639973
chr1	243487822	243487822	chr1	243489013	243489013	0.2337162154942701
chr1	243487879	243487879	chr1	243489013	243489013	0.2659093609848972
chr1	243426559	243426559	chr1	243489013	243489013	0.5003744235208325
chr1	243497960	243497960	chr1	243499755	243499755	0.0810807816963871
chr1	243426559	243426559	chr1	243499755	243499755	0.0270269568331535
chr1	243489141	243489141	chr1	243499755	243499755	0.8918922614704594
chr1	243304778	243304778	chr1	243305011	243305011	0.8367345616045145
chr1	243304778	243304778	chr1	243307988	243307988	0.1632654383954854
