chr1	243344332	243344332	chr1	243378720	243378720	0.933333224107255
chr1	243364302	243364302	chr1	243378720	243378720	0.0666667758927449
chr1	243394496	243394496	chr1	243415701	243415701	0.3333332478437896
chr1	243378864	243378864	chr1	243415701	243415701	0.6666667521562104
chr1	243487822	243487822	chr1	243489013	243489013	0.083333540245026
chr1	243487879	243487879	chr1	243489013	243489013	0.1666662777284683
chr1	243426559	243426559	chr1	243489013	243489013	0.7500001820265055
chr1	243497960	243497960	chr1	243499755	243499755	0.0322582166956589
chr1	243426559	243426559	chr1	243499755	243499755	0.1290325011448345
chr1	243489141	243489141	chr1	243499755	243499755	0.8387092821595065
chr1	243304778	243304778	chr1	243305011	243305011	0.3568564561622723
chr1	243304778	243304778	chr1	243307988	243307988	0.6431435438377278
